1 0.0205 0.0205
2 0.023 0.023
3 0.04725000000000001 0.04725000000000001
4 0.05475 0.05475
5 0.07975 0.07975
6 0.019500000000000003 0.019500000000000003
7 0.060750000000000005 0.060750000000000005
8 0.06925 0.06925
9 0.03300000000000001 0.03300000000000001
10 0.13475 0.13475
11 0.030750000000000006 0.030750000000000006
12 0.04800000000000001 0.04800000000000001
13 0.038500000000000006 0.038500000000000006
14 0.024000000000000004 0.024000000000000004
15 0.022750000000000003 0.022750000000000003
16 0.015000000000000001 0.015000000000000001
17 0.0335 0.0335
18 0.22900000000000004 0.22900000000000004
19 1.601 1.601
20 0.006000000000000001 0.006000000000000001
21 0.08075 0.08075
