1 0.0095 0.0095
2 0.01025 0.01025
3 0.01025 0.01025
4 0.01 0.01
5 0.060000000000000005 0.060000000000000005
6 0.007500000000000001 0.007500000000000001
7 0.12425000000000001 0.12425000000000001
8 0.09525000000000002 0.09525000000000002
9 0.011750000000000002 0.011750000000000002
10 0.0125 0.0125
11 0.04 0.04
12 0.011250000000000001 0.011250000000000001
13 0.01 0.01
14 0.011000000000000001 0.011000000000000001
15 0.029 0.029
16 0.02725 0.02725
17 0.01575 0.01575
18 0.027750000000000004 0.027750000000000004
19 0.0465 0.0465
20 0.016500000000000004 0.016500000000000004
21 0.33425000000000005 0.33425000000000005
22 0.017 0.017
23 0.02025 0.02025
24 0.0755 0.0755
25 0.014750000000000001 0.014750000000000001
26 0.06475 0.06475
27 0.03225 0.03225
28 0.015000000000000001 0.015000000000000001
29 0.49775 0.49775
30 0.1155 0.1155
31 0.35525 0.35525
32 0.1005 0.1005
33 1.9690000000000003 1.9690000000000003
34 0.2415 0.2415
35 0.025500000000000002 0.025500000000000002
36 0.024000000000000004 0.024000000000000004
37 0.016500000000000004 0.016500000000000004
38 0.011000000000000001 0.011000000000000001
39 0.27325 0.27325
40 1.7595000000000003 1.7595000000000003
41 0.5515000000000001 0.5515000000000001
42 0.7120000000000001 0.7120000000000001
43 0.029 0.029
44 0.01675 0.01675
45 0.01575 0.01575
46 0.015250000000000001 0.015250000000000001
47 0.04225 0.04225
48 0.05775 0.05775
49 0.08975000000000001 0.08975000000000001
50 0.0155 0.0155
51 0.007000000000000001 0.007000000000000001
52 0.01725 0.01725
53 0.008250000000000002 0.008250000000000002
54 1.02075 1.02075
55 1.25875 1.25875
56 0.8162500000000001 0.8162500000000001
57 0.044000000000000004 0.044000000000000004
58 0.024000000000000004 0.024000000000000004
59 0.021 0.021
60 0.017750000000000002 0.017750000000000002
61 0.02 0.02
62 0.08625000000000001 0.08625000000000001
63 0.01575 0.01575
64 0.01725 0.01725
65 0.027 0.027
66 0.0115 0.0115
67 0.02 0.02
68 0.0205 0.0205
69 0.0275 0.0275
70 0.02325 0.02325
71 0.03900000000000001 0.03900000000000001
72 0.045000000000000005 0.045000000000000005
73 0.019250000000000003 0.019250000000000003
74 1.5245000000000002 1.5245000000000002
75 3.2565000000000004 3.2565000000000004
76 0.01675 0.01675
77 0.07175000000000001 0.07175000000000001
78 0.0125 0.0125
79 0.012750000000000001 0.012750000000000001
80 0.0345 0.0345
81 0.0825 0.0825
82 0.015250000000000001 0.015250000000000001
83 0.011750000000000002 0.011750000000000002
84 0.0315 0.0315
85 0.022500000000000003 0.022500000000000003
86 0.017499999999999998 0.017499999999999998
87 0.031 0.031
88 0.483 0.483
89 0.008250000000000002 0.008250000000000002
90 0.00575 0.00575
91 0.028000000000000004 0.028000000000000004
92 0.044500000000000005 0.044500000000000005
93 0.051000000000000004 0.051000000000000004
94 0.03325 0.03325
95 0.7620000000000001 0.7620000000000001
96 0.6202500000000001 0.6202500000000001
97 0.6295000000000001 0.6295000000000001
98 0.025500000000000002 0.025500000000000002
99 0.012750000000000001 0.012750000000000001
100 0.0665 0.0665
101 0.025 0.025
102 0.016500000000000004 0.016500000000000004
103 0.019250000000000003 0.019250000000000003
104 0.017 0.017
105 0.864 0.864
106 0.029 0.029
107 0.064 0.064
108 0.94675 0.94675
109 0.012250000000000002 0.012250000000000002
110 0.023500000000000004 0.023500000000000004
111 0.02425 0.02425
112 0.024500000000000004 0.024500000000000004
113 0.044250000000000005 0.044250000000000005
114 0.0675 0.0675
