1 0.022500000000000003 0.022500000000000003
2 0.026250000000000002 0.026250000000000002
3 0.05575000000000001 0.05575000000000001
4 0.0855 0.0855
5 0.127 0.127
6 0.02525 0.02525
7 0.01625 0.01625
8 0.02675 0.02675
9 0.00475 0.00475
10 0.1265 0.1265
11 0.028250000000000004 0.028250000000000004
12 0.03875000000000001 0.03875000000000001
13 0.05675000000000001 0.05675000000000001
14 0.03425 0.03425
15 0.026250000000000002 0.026250000000000002
16 0.0115 0.0115
17 0.05775 0.05775
18 0.6475000000000001 0.6475000000000001
19 0.31725000000000003 0.31725000000000003
20 0.029 0.029
21 0.00675 0.00675
22 0.035250000000000004 0.035250000000000004
