1 0.03125 0.03125
2 0.030500000000000003 0.030500000000000003
3 0.33675000000000005 0.33675000000000005
4 0.6895000000000001 0.6895000000000001
5 0.9012500000000001 0.9012500000000001
6 0.021750000000000002 0.021750000000000002
7 0.014750000000000001 0.014750000000000001
8 0.084 0.084
9 0.0095 0.0095
10 0.38675000000000004 0.38675000000000004
11 0.013000000000000001 0.013000000000000001
12 0.0405 0.0405
13 0.04825 0.04825
14 0.030500000000000003 0.030500000000000003
15 0.023 0.023
16 0.013000000000000001 0.013000000000000001
17 0.4175 0.4175
18 0.45875000000000005 0.45875000000000005
19 0.67225 0.67225
20 0.026000000000000002 0.026000000000000002
21 0.014750000000000001 0.014750000000000001
22 0.044000000000000004 0.044000000000000004
