1 0.029750000000000002 0.029750000000000002
2 0.02725 0.02725
3 0.38275000000000003 0.38275000000000003
4 0.73 0.73
5 0.8757500000000001 0.8757500000000001
6 0.02925 0.02925
7 0.09625 0.09625
8 0.09775 0.09775
9 1.13125 1.13125
10 0.9355 0.9355
11 0.01025 0.01025
12 0.036250000000000004 0.036250000000000004
13 0.04 0.04
14 0.022500000000000003 0.022500000000000003
15 0.021750000000000002 0.021750000000000002
16 0.011750000000000002 0.011750000000000002
17 0.459 0.459
18 0.5205000000000001 0.5205000000000001
19 0.80725 0.80725
20 0.012000000000000002 0.012000000000000002
21 0.08825000000000001 0.08825000000000001
