1 0.022750000000000003 0.022750000000000003
2 0.023750000000000004 0.023750000000000004
3 0.034999999999999996 0.034999999999999996
4 0.03925000000000001 0.03925000000000001
5 0.08300000000000002 0.08300000000000002
6 0.017 0.017
7 0.053000000000000005 0.053000000000000005
8 0.027750000000000004 0.027750000000000004
9 0.00625 0.00625
10 0.04825 0.04825
11 0.4645000000000001 0.4645000000000001
12 0.0315 0.0315
13 0.028250000000000004 0.028250000000000004
14 0.021500000000000002 0.021500000000000002
15 0.02 0.02
16 0.009750000000000002 0.009750000000000002
17 0.02925 0.02925
18 0.7790000000000001 0.7790000000000001
19 0.017 0.017
20 0.006000000000000001 0.006000000000000001
21 0.00675 0.00675
