1 0.02025 0.02025
2 0.02125 0.02125
3 0.3845 0.3845
4 0.6847500000000001 0.6847500000000001
5 0.8632500000000001 0.8632500000000001
6 0.02125 0.02125
7 0.08300000000000002 0.08300000000000002
8 0.10575000000000001 0.10575000000000001
9 0.008 0.008
10 1.09525 1.09525
11 0.7882500000000001 0.7882500000000001
12 0.0315 0.0315
13 0.028750000000000005 0.028750000000000005
14 0.018000000000000002 0.018000000000000002
15 0.019250000000000003 0.019250000000000003
16 0.009250000000000001 0.009250000000000001
17 0.51225 0.51225
18 0.648 0.648
19 0.019500000000000003 0.019500000000000003
20 0.008 0.008
21 0.006000000000000001 0.006000000000000001
