1 0.01375 0.01375
2 0.01375 0.01375
3 0.41600000000000004 0.41600000000000004
4 0.7320000000000001 0.7320000000000001
5 0.94275 0.94275
6 0.027750000000000004 0.027750000000000004
7 0.011250000000000001 0.011250000000000001
8 0.10550000000000001 0.10550000000000001
9 0.010750000000000001 0.010750000000000001
10 1.3295000000000001 1.3295000000000001
11 0.016500000000000004 0.016500000000000004
12 0.01575 0.01575
13 0.012000000000000002 0.012000000000000002
14 0.03275 0.03275
15 0.025750000000000002 0.025750000000000002
16 0.020750000000000005 0.020750000000000005
17 0.40525000000000005 0.40525000000000005
18 0.75375 0.75375
19 0.012250000000000002 0.012250000000000002
20 0.008 0.008
21 0.030500000000000003 0.030500000000000003
