1 0.0125 0.0125
2 0.011250000000000001 0.011250000000000001
3 0.030750000000000006 0.030750000000000006
4 0.03875000000000001 0.03875000000000001
5 0.07425000000000001 0.07425000000000001
6 0.029 0.029
7 0.00625 0.00625
8 0.05375 0.05375
9 0.01 0.01
10 0.063 0.063
11 0.03425 0.03425
12 0.008250000000000002 0.008250000000000002
13 0.0105 0.0105
14 0.030000000000000002 0.030000000000000002
15 0.019 0.019
16 0.01025 0.01025
17 0.032 0.032
18 0.43550000000000005 0.43550000000000005
19 0.007000000000000001 0.007000000000000001
20 0.006500000000000001 0.006500000000000001
21 0.026500000000000003 0.026500000000000003
